1543359366572679168
1543359375749824512
1543359384708841472
1543359393680474112
1543359402622722049
1543359411632095232
1543359420624691201
1543359429625749508
1543359438786072579
1543359447837319175
1543359456817385472
1543359465923158022
1543359474936811524
1543359483916832769
1543359492997398528
1543359502040326144
1543359511024619522
1543359519966875654
1543359528988729351
1543359537985486849
1543359547015929859
1543359556117479427
1543359565101678593
1543359574018859013
1543359583007215617
1543665852347826176
1543665852884590593
1543665853425745920
1543665853929066501
1543665854503686145
1543665855329968129
1543665856143564801
1543665856793788416
1543665857276121089
1543665857817083906
1543665858404401154
1543665858987393030
1543665859478036481
1543665859993927680
1543665870597152770
1543665871159181312
1543665871750586371
1543665872388198400
1543665872895713280
1543665873474527233
1543665874057437185
1543665874548269056
1543665875173183490
1543665875898847234
1543934163597889537
1543934164134772746
1543934164650663939
1543934165212692481
1543934165804109830
1543934166349275136
1543934166852591619
1543934167427289091
1544035206226513921
1544035206717247488
1544035207170256896
1544035207644192770
